param_cam1


1751.96279206331 0.00000000000 639.15519850038
0.00000000000 1752.34004825586 363.51762870185
0.00000000000 0.00000000000 1.00000000000

0.00185381619 0.99282347547 -0.11957470434
0.99319632769 0.01209499353 0.11582212995
0.11643718486 -0.11897587017 -0.98604620799

-510.33553162154
-241.09591225201
4411.78751761751


param_cam2


1739.24754339136 0.00000000000 629.93076582020
0.00000000000 1739.01801177710 360.03167947131
0.00000000000 0.00000000000 1.00000000000

0.00200882837 0.99413377239 -0.10813883303
0.99371454830 0.01011906303 0.11148542981
0.11192569457 -0.10768308671 -0.98786486512

-495.72889591984
-229.72650423647
4375.65569790535


param_cam3


1746.77411500862 0.00000000000 623.43682019955
0.00000000000 1746.57514257955 374.34329604789
0.00000000000 0.00000000000 1.00000000000

0.00312517012 0.99556175580 -0.09405861839
0.99304377040 0.00798152530 0.11747495611
0.11770430481 -0.09377145427 -0.98861145603

-488.15203642922
-250.12856220401
4373.08034396894


param_cam4


1749.89555215818 0.00000000000 653.22471827966
0.00000000000 1749.28898114206 386.01714739466
0.00000000000 0.00000000000 1.00000000000

0.00036889202 0.99828451245 -0.05854823759
0.99197119749 0.00703891128 0.12626795745
0.12646346219 -0.05812474460 -0.99026688665

-570.60888909294
-293.69903355402
4361.45011978978


param_cam5


1743.52379098820 0.00000000000 624.87993735719
0.00000000000 1742.15532317120 343.16840223032
0.00000000000 0.00000000000 1.00000000000

0.00309029381 0.99818422191 -0.06015570800
0.99487543831 0.00301054590 0.10106334086
0.10106093378 -0.06015975178 -0.99305966182

-504.51922189763
-186.22958154437
4361.33716536780


param_cam6


1755.06382083454 0.00000000000 640.58995413447
0.00000000000 1754.64453773724 376.16564433519
0.00000000000 0.00000000000 1.00000000000

0.00310914436 0.99951430532 -0.03100784873
0.99233078666 0.00074789590 0.12360845645
0.12357161113 -0.03115435946 -0.99184649156

-553.40973744457
-268.57752171587
4367.73454444245


param_cam7


1739.85178351994 0.00000000000 665.25545596742
0.00000000000 1738.98139570393 344.12168585666
0.00000000000 0.00000000000 1.00000000000

0.00004397768 0.99999773770 -0.00212665281
0.99444986361 0.00018001491 0.10521138890
0.10521153371 -0.00211947655 -0.99444760596

-624.85422291751
-187.66464072029
4316.26040565217


param_cam8


1749.04756270446 0.00000000000 644.75538631406
0.00000000000 1748.47271140530 348.56811648677
0.00000000000 0.00000000000 1.00000000000

0.00224091702 0.99998455746 0.00508558082
0.99422891471 -0.00277342293 0.10724352327
0.10725597162 0.00481590766 -0.99421977630

-578.06486823489
-197.74475837827
4340.05149493396


param_cam9


1742.09230267761 0.00000000000 646.04539850936
0.00000000000 1741.06566121934 349.15757211037
0.00000000000 0.00000000000 1.00000000000

0.00139078537 0.99978456180 0.02070979719
0.99417162898 -0.00361490439 0.10774833917
0.10779999000 0.02043923799 -0.99396247399

-581.22315450696
-198.07196139289
4302.36966633810


param_cam10


1755.72025878362 0.00000000000 651.00984016195
0.00000000000 1754.63841817901 347.09886440214
0.00000000000 0.00000000000 1.00000000000

0.00161444670 0.99901345228 0.04437922621
0.99437954913 -0.00630186708 0.10568632244
0.10586172982 0.04395917001 -0.99340872028

-607.74515016756
-191.32937148551
4320.08679852037


param_cam11


1739.71586894254 0.00000000000 622.55511675231
0.00000000000 1739.13102098917 353.44804891414
0.00000000000 0.00000000000 1.00000000000

0.00247279162 0.99893876400 0.04599164132
0.99383608302 -0.00755233185 0.11060199987
0.11083196918 0.04543465697 -0.99280006374

-542.50937372359
-206.25177821046
4287.57144398224


param_cam12


1743.36474266930 0.00000000000 657.49276294686
0.00000000000 1743.09789609931 362.97309625821
0.00000000000 0.00000000000 1.00000000000

-0.00260848100 0.99667997103 0.08137709246
0.99309469503 -0.00696261332 0.11710870469
0.11728649762 0.08112063465 -0.98977943003

-635.70187764041
-232.00454283099
4276.00735380619


param_cam13


1741.85334359301 0.00000000000 640.19210337788
0.00000000000 1741.71007966449 354.60908489175
0.00000000000 0.00000000000 1.00000000000

-0.00140758431 0.99600631833 0.08927167837
0.99355260596 -0.00872722553 0.11303563472
0.11336330045 0.08885521587 -0.98957238882

-594.80600542313
-206.31772396566
4261.38640202237


param_cam14


1724.98393027974 0.00000000000 642.39800054913
0.00000000000 1724.50031958196 349.51789023267
0.00000000000 0.00000000000 1.00000000000

-0.00276954999 0.99430002761 0.10658229070
0.99397112000 -0.00894509545 0.10927670329
0.10960721786 0.10624236616 -0.98828073816

-608.19492950606
-193.58681249275
4230.81440415388


param_cam15


1739.19654458817 0.00000000000 654.16070454660
0.00000000000 1739.07920787820 361.91063098988
0.00000000000 0.00000000000 1.00000000000

-0.00267085990 0.99132826039 0.13138168316
0.99314351919 -0.01272524668 0.11620679149
0.11687094078 0.13079123923 -0.98449724984

-641.77743517671
-220.97990393583
4228.70851772651


param_cam16


1737.67042021810 0.00000000000 641.85297145428
0.00000000000 1737.28793793207 348.08172943008
0.00000000000 0.00000000000 1.00000000000

-0.00115633970 0.98996203420 0.14132881420
0.99412921508 -0.01415282241 0.10726975970
0.10819319113 0.14062314341 -0.98413381454

-618.54860214232
-186.72538057668
4218.44580459412


param_cam17


1735.01828265990 0.00000000000 616.86998181776
0.00000000000 1734.04274143917 355.48757051899
0.00000000000 0.00000000000 1.00000000000

0.00206799274 0.98903457899 0.14766964808
0.99367668181 -0.01860990204 0.11072634543
0.11226030212 0.14650690463 -0.98281908379

-566.72660432404
-202.93738094110
4213.95839306510


param_cam18


1735.01828265990 0.00000000000 616.86998181776
0.00000000000 1734.04274143917 355.48757051899
0.00000000000 0.00000000000 1.00000000000

0.00206799274 0.98903457899 0.14766964808
0.99367668181 -0.01860990204 0.11072634543
0.11226030212 0.14650690463 -0.98281908379

-566.72660432404
-202.93738094110
4213.95839306510

